BERTurk Model Metrikleri
=====================

Tarih: 2025-03-25 02:13:13

Confusion Matrix:
[[1874  614   50]
 [ 611 1859   69]
 [  33   41 2465]]

Classification Report:
              precision    recall  f1-score   support

           0       0.74      0.74      0.74      2538
           1       0.74      0.73      0.74      2539
           2       0.95      0.97      0.96      2539

    accuracy                           0.81      7616
   macro avg       0.81      0.81      0.81      7616
weighted avg       0.81      0.81      0.81      7616


Training History:
Epoch	Train Loss	Val Loss	Train Acc	Val Acc
1	0.7030	0.4056	0.6302	0.8071
2	0.3734	0.3532	0.8101	0.7970
3	0.2985	0.3577	0.8625	0.8072
4	0.2064	0.4375	0.9179	0.8174
5	0.1289	0.5999	0.9531	0.8112
6	0.0799	0.6560	0.9719	0.8124
7	0.0485	0.9527	0.9834	0.8154
8	0.0308	1.1339	0.9895	0.8146
9	0.0209	1.2542	0.9931	0.8121
10	0.0142	1.3102	0.9956	0.8138
