BERTurk Model Metrikleri
=====================

Tarih: 2025-04-21 03:20:05

Confusion Matrix:
[[1836  656   46]
 [ 574 1901   64]
 [  22   63 2454]]

Classification Report:
              precision    recall  f1-score   support

           0       0.75      0.72      0.74      2538
           1       0.73      0.75      0.74      2539
           2       0.96      0.97      0.96      2539

    accuracy                           0.81      7616
   macro avg       0.81      0.81      0.81      7616
weighted avg       0.81      0.81      0.81      7616


Training History:
Epoch	Train Loss	Val Loss	Train Acc	Val Acc
1	0.4250	0.3111	0.7678	0.8172
2	0.3102	0.3109	0.8190	0.8204
3	0.2817	0.3133	0.8417	0.8180
4	0.2145	0.4226	0.8969	0.8176
5	0.1212	0.5476	0.9504	0.8118
6	0.0597	0.6807	0.9775	0.8159
7	0.0315	0.9468	0.9892	0.8100
8	0.0203	1.0417	0.9932	0.8134
9	0.0139	1.1198	0.9954	0.8118
10	0.0094	1.1942	0.9968	0.8129
